major minor  #blocks  name

 179        0   15196160 mmcblk0
 179        1   15195136 mmcblk0p1
 137        0     513024 bml0/c
 137        1        256 bml1
 137        2       2048 bml2
 137        3       2048 bml3
 137        4        256 bml4
 137        5      12800 bml5
 137        6       5120 bml6
 137        7       5120 bml7
 137        8       5120 bml8
 137        9     235520 bml9
 137       10      40960 bml10
 137       11     201984 bml11
 137       12        256 bml12
 137       13        256 bml13
 137       14        256 bml14
 137       15       1024 bml15
 138        6       1280 stl6
 138        9     227840 stl9
 138       10      36864 stl10
 138       11     194816 stl11
